Assignment	w1	w2	w3	DataHeight
				
?-?-?	121.005	39.661	8.725	-81795
?-?-?	116.509	52.34	8.119	4659
?-?-?	165.062	52.34	7.312	0
?-?-?	118.797	52.954	8.502	176770
?-?-?	115.936	27.133	10.177	-166644
?-?-?	120.972	58.521	9.2	2282
?-?-?	120.972	31.69	9.2	-6815
?-?-?	119.791	59.738	7.853	194359
?-?-?	119.801	30.296	7.855	-125890
?-?-?	117.882	58.427	8.199	104630
?-?-?	117.89	40.757	8.197	-67618
?-?-?	118.64	59.55	8.389	76656
?-?-?	118.564	29.567	8.368	-61048
?-?-?	106.897	47.087	7.95	213962
?-?-?	121.643	66.656	7.635	103280
?-?-?	121.645	37.708	7.628	-49694
?-?-?	120.136	67.51	7.79	74202
?-?-?	119.952	31.57	7.781	-26101
?-?-?	118.129	56.447	8.838	127229
?-?-?	118.174	38.507	8.818	-93042
?-?-?	122.459	65.225	8.381	80723
?-?-?	122.403	37.92	8.385	-64449
?-?-?	120.295	63.018	8.238	69948
?-?-?	120.512	40.813	8.217	-30628
?-?-?	119.826	58.554	8.271	128788
?-?-?	119.826	28.788	8.271	-73042
?-?-?	114.261	60.777	7.306	91462
?-?-?	122.461	61.617	9.162	77644
?-?-?	122.361	28.711	9.168	-19659
?-?-?	105.649	47.272	8.379	99796
?-?-?	122.542	59.423	7.614	148700
?-?-?	122.525	31.34	7.609	-85614
?-?-?	119.226	57.939	8.855	108909
?-?-?	119.252	40.835	8.863	-69626
?-?-?	119.671	61.073	8.735	133606
?-?-?	119.711	32.348	8.753	-58629
?-?-?	119.569	59.585	7.67	226797
?-?-?	119.632	28.595	7.672	-153172
?-?-?	121.392	59.63	7.826	145786
?-?-?	121.85	41.936	7.822	-423803
?-?-?	118.405	58.879	9.093	178218
?-?-?	118.397	42.553	9.094	-131081
?-?-?	107.898	65.624	7.849	116077
?-?-?	107.928	69.34	7.85	-13148
?-?-?	117.555	57.562	8.079	140568
?-?-?	117.534	33.608	8.076	-84619
?-?-?	111.881	56.522	8.421	119575
?-?-?	111.934	31.157	8.421	-71339
?-?-?	119.541	53.834	7.635	96918
?-?-?	119.51	42.637	7.588	-29328
?-?-?	120.055	55.064	6.796	3327
?-?-?	120.055	19.532	6.796	-12310
?-?-?	113.856	53.267	9.158	171006
?-?-?	113.895	39.394	9.16	-144358
?-?-?	115.983	65.583	7.75	124592
?-?-?	116.06	70.51	7.743	-69623
?-?-?	121.032	59.435	7.397	172646
?-?-?	121.045	37.954	7.399	-94688
?-?-?	126.4	57.363	8.302	145994
?-?-?	126.309	33.04	8.315	-99561
?-?-?	115.696	54.375	8.688	201894
?-?-?	115.693	37.258	8.691	-296757
?-?-?	113.243	61.3	7.067	287815
?-?-?	113.304	38.502	7.064	-242021
?-?-?	115.416	56.969	7.645	277211
?-?-?	115.406	32.347	7.648	-192578
?-?-?	121.858	54.12	7.822	506183
?-?-?	121.851	41.804	7.822	-372514
?-?-?	126.92	59.717	8.576	155848
?-?-?	126.933	32.837	8.577	-82462
?-?-?	119.78	54.893	8.506	710603
?-?-?	119.792	18.801	8.505	-386284
?-?-?	120.046	65.918	7.43	165942
?-?-?	119.996	31.906	7.429	-106922
?-?-?	119.285	64.22	7.527	145950
?-?-?	119.307	36.811	7.537	-94074
?-?-?	119.134	58.183	8.155	240525
?-?-?	119.136	40.391	8.147	-223842
?-?-?	120.559	59.605	7.817	289348
?-?-?	120.599	29.885	7.818	-187655
?-?-?	121.42	65.29	8.489	133318
?-?-?	121.393	38.105	8.488	-77105
?-?-?	120.076	63.435	8.758	142541
?-?-?	120.052	39.827	8.763	-107263
?-?-?	115.55	58.746	8.272	369031
?-?-?	115.573	28.788	8.271	-211572
?-?-?	104.905	46.437	7.889	335856
?-?-?	118.222	55.476	7.766	217863
?-?-?	118.279	44.154	7.766	-112780
?-?-?	117.222	53.195	7.568	168443
?-?-?	117.155	38.467	7.558	-195868
?-?-?	130.85	54.65	8.113	349361
?-?-?	130.83	19.439	8.115	-179925
?-?-?	111.801	51.669	7.815	258212
?-?-?	111.836	37.081	7.816	-243379
?-?-?	114.579	57.523	7.713	146398
?-?-?	114.603	26.754	7.712	-181278
?-?-?	118.789	52.954	8.502	176048
?-?-?	118.794	40.9	8.503	-253750
?-?-?	115.959	58.242	10.168	113635
?-?-?	115.936	27.133	10.177	-166644
?-?-?	114.954	53.952	7.983	531155
?-?-?	114.913	32.248	7.985	-191583
?-?-?	126.835	61.303	10.174	61209
?-?-?	126.872	33.276	10.169	-48578
?-?-?	129.106	52.672	8.931	62448
?-?-?	129.079	41.627	8.919	-58051
?-?-?	118.387	63.201	9.17	44850
?-?-?	118.392	38.714	9.164	-5119
?-?-?	115.608	59.479	7.806	314664
?-?-?	115.637	27.966	7.805	-204144
?-?-?	121.381	58.86	8.619	135619
?-?-?	121.363	30.292	8.623	-85932
?-?-?	120.891	60.5	8.724	143129
?-?-?	121.005	39.661	8.725	-81795
?-?-?	120.925	66.01	7.573	115864
?-?-?	121.033	36.772	7.564	-46352
?-?-?	113.633	62.539	7.319	124063
?-?-?	113.666	62.539	7.319	124063
?-?-?	122.273	56.687	7.255	180918
?-?-?	122.299	40.544	7.257	-100813
?-?-?	119.562	67.107	7.139	120168
?-?-?	119.55	30.65	7.143	-56662
?-?-?	120.612	56.283	8.058	223184
?-?-?	120.608	18.602	8.055	-133261
?-?-?	118.11	65.41	7.427	102962
?-?-?	118.099	39.109	7.435	-66801
?-?-?	123.302	54.984	8.529	245606
?-?-?	123.254	19.369	8.524	-162063
?-?-?	119.374	57.863	8.991	108808
?-?-?	119.365	42.677	8.985	-66087
?-?-?	118.692	60.552	7.862	81899
?-?-?	118.708	32.541	7.853	-50587
?-?-?	121.329	54.835	7.658	324908
?-?-?	121.338	18.555	7.674	-178334
?-?-?	121.039	54.636	8.379	294792
?-?-?	121.072	18.518	8.374	-205377
?-?-?	117.32	58.793	8.097	183107
?-?-?	117.316	30.58	8.092	-123045
?-?-?	119.443	59.763	7.923	224453
?-?-?	119.375	38.463	7.918	-145155
?-?-?	117.147	56.846	7.938	150243
?-?-?	117.11	29.864	7.943	-129679
?-?-?	112.131	62.594	7.69	120721
?-?-?	112.081	69.925	7.701	-98497
?-?-?	121.145	56.09	8.138	100996
?-?-?	121.176	29.906	8.124	-78846
?-?-?	123.217	56.298	8.076	337078
?-?-?	123.238	33.296	8.071	-186161
?-?-?	127.057	58.171	7.893	3457471
?-?-?	127.058	31.362	7.893	-2186199