Assignment	w1	w2	w3	DataHeight
				
?-?-?	113.895	55.087	9.154	260235
?-?-?	119.732	59.7	7.822	53108
?-?-?	115.92	40.792	10.168	99661
?-?-?	118.789	57.014	8.532	305
?-?-?	122.274	60.326	7.231	33989
?-?-?	123.244	29.611	8.08	245573
?-?-?	119.806	59.723	7.849	217185
?-?-?	119.852	29.595	7.851	73479
?-?-?	117.897	59.559	8.19	98536
?-?-?	117.939	30.015	8.193	29532
?-?-?	118.555	58.297	8.388	104869
?-?-?	118.588	40.646	8.372	25221
?-?-?	106.875	59.472	7.941	144666
?-?-?	106.905	29.301	7.947	92333
?-?-?	121.751	46.901	7.616	221350
?-?-?	120.114	66.519	7.791	108467
?-?-?	119.825	37.816	7.784	29896
?-?-?	118.158	67.413	8.83	100608
?-?-?	118.214	31.381	8.798	17060
?-?-?	122.42	56.215	8.376	110381
?-?-?	122.535	38.04	8.374	87973
?-?-?	120.292	65.189	8.241	84441
?-?-?	120.238	37.566	8.218	-14597
?-?-?	119.827	57.836	8.272	148811
?-?-?	119.792	29.078	8.276	85003
?-?-?	114.298	58.528	7.299	128713
?-?-?	122.442	57.214	9.176	75801
?-?-?	105.681	61.384	8.369	106015
?-?-?	122.578	47.178	7.611	199159
?-?-?	119.249	59.296	8.854	148138
?-?-?	119.257	31.06	8.846	50822
?-?-?	119.672	57.741	8.723	130550
?-?-?	119.695	40.635	8.719	38751
?-?-?	119.537	60.884	7.669	151269
?-?-?	119.494	32.107	7.671	46425
?-?-?	121.394	59.435	7.822	170715
?-?-?	121.449	28.239	7.818	58147
?-?-?	118.401	59.707	9.095	193573
?-?-?	118.412	42.131	9.09	90201
?-?-?	107.928	58.871	7.845	164655
?-?-?	107.892	42.363	7.835	48118
?-?-?	117.545	65.586	8.065	92478
?-?-?	117.613	65.622	8.076	93607
?-?-?	117.503	69.186	8.061	23569
?-?-?	111.877	57.501	8.416	112154
?-?-?	111.826	33.363	8.421	88860
?-?-?	119.51	56.441	7.616	57509
?-?-?	119.51	30.83	7.588	4638
?-?-?	120.055	53.872	6.796	18414
?-?-?	120.055	42.637	6.796	-3767
?-?-?	113.895	55.087	9.154	260235
?-?-?	113.864	19.555	9.158	175208
?-?-?	116.021	53.262	7.745	244605
?-?-?	116.049	39.154	7.739	170917
?-?-?	121.044	65.47	7.392	117490
?-?-?	121.029	70.573	7.383	24149
?-?-?	126.366	59.323	8.304	127547
?-?-?	126.407	37.597	8.304	59160
?-?-?	115.669	57.5	8.68	180027
?-?-?	115.693	32.954	8.689	118398
?-?-?	113.26	54.302	7.064	330795
?-?-?	113.272	37.031	7.063	513175
?-?-?	115.417	61.275	7.637	192563
?-?-?	115.417	38.253	7.635	55081
?-?-?	121.85	56.815	7.818	254774
?-?-?	121.87	31.934	7.811	139127
?-?-?	126.947	54.036	8.573	225095
?-?-?	126.928	41.711	8.576	176605
?-?-?	119.806	59.592	8.501	279718
?-?-?	119.767	32.457	8.503	167178
?-?-?	120.024	54.775	7.424	327499
?-?-?	120.046	18.573	7.426	223731
?-?-?	119.306	65.837	7.528	256990
?-?-?	119.323	31.776	7.526	74254
?-?-?	119.136	64.172	8.146	252399
?-?-?	119.162	36.682	8.147	58232
?-?-?	120.58	58.037	7.814	222384
?-?-?	120.584	40.13	7.814	140083
?-?-?	121.412	59.612	8.502	221060
?-?-?	121.447	29.666	8.484	128946
?-?-?	120.087	65.154	8.761	149934
?-?-?	120.024	37.785	8.757	48208
?-?-?	115.534	63.222	8.271	369483
?-?-?	115.535	39.563	8.271	123155
?-?-?	104.907	58.564	7.883	194895
?-?-?	104.938	28.598	7.883	95986
?-?-?	118.254	46.256	7.758	376127
?-?-?	117.182	55.413	7.561	254780
?-?-?	117.223	44.112	7.552	114135
?-?-?	130.824	53.078	8.11	201518
?-?-?	130.844	38.291	8.114	213941
?-?-?	111.816	54.585	7.808	434346
?-?-?	111.846	19.141	7.807	266930
?-?-?	114.543	51.563	7.716	202968
?-?-?	114.606	36.844	7.714	145870
?-?-?	118.789	57.453	8.492	216320
?-?-?	118.818	26.435	8.495	158273
?-?-?	116.019	52.884	10.174	150697
?-?-?	115.92	40.792	10.168	99661
?-?-?	114.94	58.145	7.976	213148
?-?-?	115.004	27.07	7.981	180119
?-?-?	126.869	53.767	10.163	126383
?-?-?	126.872	32.178	10.162	28303
?-?-?	129.055	61.232	8.921	57191
?-?-?	129.044	33.276	8.923	27027
?-?-?	118.411	52.547	9.166	47745
?-?-?	118.471	41.443	9.165	42697
?-?-?	115.64	63.038	7.806	267683
?-?-?	115.632	38.663	7.804	83944
?-?-?	121.426	59.372	8.614	206457
?-?-?	121.384	27.646	8.613	122585
?-?-?	120.897	58.774	8.724	211641
?-?-?	120.937	30.036	8.729	60774
?-?-?	120.938	60.461	7.574	236583
?-?-?	120.886	39.306	7.575	71847
?-?-?	113.666	65.927	7.312	259277
?-?-?	113.668	36.47	7.313	84572
?-?-?	122.325	62.511	7.241	107246
?-?-?	119.542	56.627	7.138	196742
?-?-?	119.447	40.279	7.149	69586
?-?-?	120.622	67.122	8.063	182676
?-?-?	120.624	29.611	8.08	-5451
?-?-?	118.147	56.157	7.428	236619
?-?-?	118.111	18.315	7.423	153214
?-?-?	123.264	65.418	8.518	266034
?-?-?	123.311	38.743	8.526	63168
?-?-?	119.374	54.836	8.98	193469
?-?-?	119.356	19.147	8.98	125375
?-?-?	118.768	57.801	7.861	130521
?-?-?	118.706	42.664	7.863	45840
?-?-?	121.321	60.457	7.66	130635
?-?-?	121.298	32.176	7.662	77696
?-?-?	121.051	54.779	8.37	284470
?-?-?	121.047	18.316	8.37	149866
?-?-?	117.278	54.469	8.094	291242
?-?-?	117.278	18.228	8.093	164097
?-?-?	119.437	58.586	7.915	275115
?-?-?	119.446	30.39	7.918	118407
?-?-?	117.11	59.681	7.939	203297
?-?-?	117.127	38.31	7.94	103770
?-?-?	112.138	56.746	7.705	255341
?-?-?	112.145	29.578	7.698	154559
?-?-?	121.114	62.552	8.133	132824
?-?-?	121.114	69.854	8.123	30093
?-?-?	123.24	56.025	8.083	395564
?-?-?	123.237	29.73	8.051	83588
?-?-?	127.059	56.253	7.893	2568142
?-?-?	127.066	33.06	7.893	1355184