Assignment	w1	w2	DataHeight
?-?-?	120.972	9.2	2282
?-?-?	120.055	6.796	3327
?-?-?	116.509	8.119	4659
?-?-?	118.387	9.17	44850
?-?-?	126.835	10.174	61209
?-?-?	129.106	8.931	62448
?-?-?	120.295	8.238	69948
?-?-?	120.136	7.79	74202
?-?-?	118.64	8.389	76656
?-?-?	122.461	9.162	77644
?-?-?	122.459	8.381	80723
?-?-?	118.692	7.862	81899
?-?-?	114.261	7.306	91462
?-?-?	119.541	7.635	96918
?-?-?	105.649	8.379	99796
?-?-?	121.145	8.138	100996
?-?-?	118.11	7.427	102962
?-?-?	121.643	7.635	103280
?-?-?	117.882	8.199	104630
?-?-?	119.374	8.991	108808
?-?-?	119.226	8.855	108909
?-?-?	115.959	10.168	113635
?-?-?	120.925	7.573	115864
?-?-?	107.898	7.849	116077
?-?-?	111.881	8.421	119575
?-?-?	119.562	7.139	120168
?-?-?	112.131	7.69	120721
?-?-?	113.633	7.319	124063
?-?-?	113.666	7.319	124063
?-?-?	115.983	7.75	124592
?-?-?	118.129	8.838	127229
?-?-?	119.826	8.271	128788
?-?-?	121.42	8.489	133318
?-?-?	119.671	8.735	133606
?-?-?	121.381	8.619	135619
?-?-?	117.555	8.079	140568
?-?-?	120.076	8.758	142541
?-?-?	120.891	8.724	143129
?-?-?	121.392	7.826	145786
?-?-?	119.285	7.527	145950
?-?-?	126.4	8.302	145994
?-?-?	114.579	7.713	146398
?-?-?	122.542	7.614	148700
?-?-?	117.147	7.938	150243
?-?-?	126.92	8.576	155848
?-?-?	120.046	7.43	165942
?-?-?	117.222	7.568	168443
?-?-?	113.856	9.158	171006
?-?-?	121.032	7.397	172646
?-?-?	118.789	8.502	176048
?-?-?	118.797	8.502	176770
?-?-?	118.405	9.093	178218
?-?-?	122.273	7.255	180918
?-?-?	117.32	8.097	183107
?-?-?	119.791	7.853	194359
?-?-?	115.696	8.688	201894
?-?-?	106.897	7.95	213962
?-?-?	118.222	7.766	217863
?-?-?	120.612	8.058	223184
?-?-?	119.443	7.923	224453
?-?-?	119.569	7.67	226797
?-?-?	119.134	8.155	240525
?-?-?	123.302	8.529	245606
?-?-?	111.801	7.815	258212
?-?-?	115.416	7.645	277211
?-?-?	113.243	7.067	287815
?-?-?	120.559	7.817	289348
?-?-?	121.039	8.379	294792
?-?-?	115.608	7.806	314664
?-?-?	121.329	7.658	324908
?-?-?	104.905	7.889	335856
?-?-?	123.217	8.076	337078
?-?-?	130.85	8.113	349361
?-?-?	115.55	8.272	369031
?-?-?	121.858	7.822	506183
?-?-?	114.954	7.983	531155
?-?-?	119.78	8.506	710603
?-?-?	127.057	7.893	3457471
?-?-?	w1	w2	Data