      Assignment         w1         w2         w3   Data Height 

            ?-?-?    121.005     39.661      8.725       -81795 
            ?-?-?    116.509     52.340      8.119         4659 
            ?-?-?    165.062     52.340      7.312            0 
            ?-?-?    118.797     52.954      8.502       176770 
            ?-?-?    115.936     27.133     10.177      -166644 
        K2N-CA-HN    120.972     58.521      9.200         2282 
        K2N-CB-HN    120.972     31.690      9.200        -6815 
        H6N-CA-HN    119.791     59.738      7.853       194359 
        H6N-CB-HN    119.801     30.296      7.855      -125890 
        L7N-CA-HN    117.882     58.427      8.199       104630 
        L7N-CB-HN    117.890     40.757      8.197       -67618 
        E8N-CA-HN    118.640     59.550      8.389        76656 
        E8N-CB-HN    118.564     29.567      8.368       -61048 
        G9N-CA-HN    106.897     47.087      7.950       213962 
       I10N-CA-HN    121.643     66.656      7.635       103280 
       I10N-CB-HN    121.645     37.708      7.628       -49694 
       V11N-CA-HN    120.136     67.510      7.790        74202 
       V11N-CB-HN    119.952     31.570      7.781       -26101 
       N12N-CA-HN    118.129     56.447      8.838       127229 
       N12N-CB-HN    118.174     38.507      8.818       -93042 
       I13N-CA-HN    122.459     65.225      8.381        80723 
       I13N-CB-HN    122.403     37.920      8.385       -64449 
       F14N-CA-HN    120.295     63.018      8.238        69948 
       F14N-CB-HN    120.512     40.813      8.217       -30628 
       Q16N-CA-HN    119.826     58.554      8.271       128788 
       Q16N-CB-HN    119.826     28.788      8.271       -73042 
       Y17N-CA-HN    114.261     60.777      7.306        91462 
       K29N-CA-HN    122.461     61.617      9.162        77644 
       K29N-CB-HN    122.361     28.711      9.168       -19659 
       G30N-CA-HN    105.649     47.272      8.379        99796 
       E31N-CA-HN    122.542     59.423      7.614       148700 
       E31N-CB-HN    122.525     31.340      7.609       -85614 
       L32N-CA-HN    119.226     57.939      8.855       108909 
       L32N-CB-HN    119.252     40.835      8.863       -69626 
       K33N-CA-HN    119.671     61.073      8.735       133606 
       K33N-CB-HN    119.711     32.348      8.753       -58629 
       Q34N-CA-HN    119.569     59.585      7.670       226797 
       Q34N-CB-HN    119.632     28.595      7.672      -153172 
       L35N-CA-HN    121.392     59.630      7.826       145786 
       L35N-CB-HN    121.850     41.936      7.822      -423803 
       L36N-CA-HN    118.405     58.879      9.093       178218 
       L36N-CB-HN    118.397     42.553      9.094      -131081 
       T37N-CA-HN    107.898     65.624      7.849       116077 
       T37N-CB-HN    107.928     69.340      7.850       -13148 
       K38N-CA-HN    117.555     57.562      8.079       140568 
       K38N-CB-HN    117.534     33.608      8.076       -84619 
       E39N-CA-HN    111.881     56.522      8.421       119575 
       E39N-CB-HN    111.934     31.157      8.421       -71339 
       L40N-CA-HN    119.541     53.834      7.635        96918 
       L40N-CB-HN    119.510     42.637      7.588       -29328 
       A41N-CA-HN    120.055     55.064      6.796         3327 
       A41N-CB-HN    120.055     19.532      6.796       -12310 
       N42N-CA-HN    113.856     53.267      9.158       171006 
       N42N-CB-HN    113.895     39.394      9.160      -144358 
       T43N-CA-HN    115.983     65.583      7.750       124592 
       T43N-CB-HN    116.060     70.510      7.743       -69623 
       I44N-CA-HN    121.032     59.435      7.397       172646 
       I44N-CB-HN    121.045     37.954      7.399       -94688 
       K45N-CA-HN    126.400     57.363      8.302       145994 
       K45N-CB-HN    126.309     33.040      8.315       -99561 
       N46N-CA-HN    115.696     54.375      8.688       201894 
       N46N-CB-HN    115.693     37.258      8.691      -296757 
       I47N-CA-HN    113.243     61.300      7.067       287815 
       I47N-CB-HN    113.304     38.502      7.064      -242021 
       K48N-CA-HN    115.416     56.969      7.645       277211 
       K48N-CB-HN    115.406     32.347      7.648      -192578 
       D49N-CA-HN    121.858     54.120      7.822       506183 
       D49N-CB-HN    121.851     41.804      7.822      -372514 
       K50N-CA-HN    126.920     59.717      8.576       155848 
       K50N-CB-HN    126.933     32.837      8.577       -82462 
       A51N-CA-HN    119.780     54.893      8.506       710603 
       A51N-CB-HN    119.792     18.801      8.505      -386284 
       V52N-CA-HN    120.046     65.918      7.430       165942 
       V52N-CB-HN    119.996     31.906      7.429      -106922 
       I53N-CA-HN    119.285     64.220      7.527       145950 
       I53N-CB-HN    119.307     36.811      7.537       -94074 
       D54N-CA-HN    119.134     58.183      8.155       240525 
       D54N-CB-HN    119.136     40.391      8.147      -223842 
       E55N-CA-HN    120.559     59.605      7.817       289348 
       E55N-CB-HN    120.599     29.885      7.818      -187655 
       I56N-CA-HN    121.420     65.290      8.489       133318 
       I56N-CB-HN    121.393     38.105      8.488       -77105 
       F57N-CA-HN    120.076     63.435      8.758       142541 
       F57N-CB-HN    120.052     39.827      8.763      -107263 
       Q58N-CA-HN    115.550     58.746      8.272       369031 
       Q58N-CB-HN    115.573     28.788      8.271      -211572 
       G59N-CA-HN    104.905     46.437      7.889       335856 
       L60N-CA-HN    118.222     55.476      7.766       217863 
       L60N-CB-HN    118.279     44.154      7.766      -112780 
       D61N-CA-HN    117.222     53.195      7.568       168443 
       D61N-CB-HN    117.155     38.467      7.558      -195868 
       A62N-CA-HN    130.850     54.650      8.113       349361 
       A62N-CB-HN    130.830     19.439      8.115      -179925 
       N63N-CA-HN    111.801     51.669      7.815       258212 
       N63N-CB-HN    111.836     37.081      7.816      -243379 
       Q64N-CA-HN    114.579     57.523      7.713       146398 
       Q64N-CB-HN    114.603     26.754      7.712      -181278 
       D65N-CA-HN    118.789     52.954      8.502       176048 
       D65N-CB-HN    118.794     40.900      8.503      -253750 
       E66N-CA-HN    115.959     58.242     10.168       113635 
       E66N-CB-HN    115.936     27.133     10.177      -166644 
       Q67N-CA-HN    114.954     53.952      7.983       531155 
       Q67N-CB-HN    114.913     32.248      7.985      -191583 
       V68N-CA-HN    126.835     61.303     10.174        61209 
       V68N-CB-HN    126.872     33.276     10.169       -48578 
       D69N-CA-HN    129.106     52.672      8.931        62448 
       D69N-CB-HN    129.079     41.627      8.919       -58051 
       F70N-CA-HN    118.387     63.201      9.170        44850 
       F70N-CB-HN    118.392     38.714      9.164        -5119 
       Q71N-CA-HN    115.608     59.479      7.806       314664 
       Q71N-CB-HN    115.637     27.966      7.805      -204144 
       E72N-CA-HN    121.381     58.860      8.619       135619 
       E72N-CB-HN    121.363     30.292      8.623       -85932 
       F73N-CA-HN    120.891     60.500      8.724       143129 
       F73N-CB-HN    121.005     39.661      8.725       -81795 
       I74N-CA-HN    120.925     66.010      7.573       115864 
       I74N-CB-HN    121.033     36.772      7.564       -46352 
       S75N-CA-HN    113.633     62.539      7.319       124063 
       S75N-CB-HN    113.666     62.539      7.319       124063 
       L76N-CA-HN    122.273     56.687      7.255       180918 
       L76N-CB-HN    122.299     40.544      7.257      -100813 
       V77N-CA-HN    119.562     67.107      7.139       120168 
       V77N-CB-HN    119.550     30.650      7.143       -56662 
       A78N-CA-HN    120.612     56.283      8.058       223184 
       A78N-CB-HN    120.608     18.602      8.055      -133261 
       I79N-CA-HN    118.110     65.410      7.427       102962 
       I79N-CB-HN    118.099     39.109      7.435       -66801 
       A80N-CA-HN    123.302     54.984      8.529       245606 
       A80N-CB-HN    123.254     19.369      8.524      -162063 
       L81N-CA-HN    119.374     57.863      8.991       108808 
       L81N-CB-HN    119.365     42.677      8.985       -66087 
       K82N-CA-HN    118.692     60.552      7.862        81899 
       K82N-CB-HN    118.708     32.541      7.853       -50587 
       A83N-CA-HN    121.329     54.835      7.658       324908 
       A83N-CB-HN    121.338     18.555      7.674      -178334 
       A84N-CA-HN    121.039     54.636      8.379       294792 
       A84N-CB-HN    121.072     18.518      8.374      -205377 
       H85N-CA-HN    117.320     58.793      8.097       183107 
       H85N-CB-HN    117.316     30.580      8.092      -123045 
       Y86N-CA-HN    119.443     59.763      7.923       224453 
       Y86N-CB-HN    119.375     38.463      7.918      -145155 
       H87N-CA-HN    117.147     56.846      7.938       150243 
       H87N-CB-HN    117.110     29.864      7.943      -129679 
       T88N-CA-HN    112.131     62.594      7.690       120721 
       T88N-CB-HN    112.081     69.925      7.701       -98497 
       H89N-CA-HN    121.145     56.090      8.138       100996 
       H89N-CB-HN    121.176     29.906      8.124       -78846 
       K90N-CA-HN    123.217     56.298      8.076       337078 
       K90N-CB-HN    123.238     33.296      8.071      -186161 
       E91N-CA-HN    127.057     58.171      7.893      3457471 
       E91N-CB-HN    127.058     31.362      7.893     -2186199 
