	Assignment	w1	w2	DataHeight
	K2N-CA-HN	120.972	9.2	2282
	A41N-CA-HN	120.055	6.796	3327
	?-?-?	116.509	8.119	4659
	F70N-CA-HN	118.387	9.17	44850
	V68N-CA-HN	126.835	10.174	61209
	D69N-CA-HN	129.106	8.931	62448
	F14N-CA-HN	120.295	8.238	69948
	V11N-CA-HN	120.136	7.79	74202
	E8N-CA-HN	118.64	8.389	76656
	K29N-CA-HN	122.461	9.162	77644
	I13N-CA-HN	122.459	8.381	80723
	K82N-CA-HN	118.692	7.862	81899
	Y17N-CA-HN	114.261	7.306	91462
	L40N-CA-HN	119.541	7.635	96918
	G30N-CA-HN	105.649	8.379	99796
	H89N-CA-HN	121.145	8.138	100996
	I79N-CA-HN	118.11	7.427	102962
	I10N-CA-HN	121.643	7.635	103280
	L7N-CA-HN	117.882	8.199	104630
	L81N-CA-HN	119.374	8.991	108808
	L32N-CA-HN	119.226	8.855	108909
	E66N-CA-HN	115.959	10.168	113635
	I74N-CA-HN	120.925	7.573	115864
	T37N-CA-HN	107.898	7.849	116077
	E39N-CA-HN	111.881	8.421	119575
	V77N-CA-HN	119.562	7.139	120168
	T88N-CA-HN	112.131	7.69	120721
	S75N-CA-HN	113.633	7.319	124063
	S75N-CB-HN	113.666	7.319	124063
	T43N-CA-HN	115.983	7.75	124592
	N12N-CA-HN	118.129	8.838	127229
	Q16N-CA-HN	119.826	8.271	128788
	I56N-CA-HN	121.42	8.489	133318
	K33N-CA-HN	119.671	8.735	133606
	E72N-CA-HN	121.381	8.619	135619
	K38N-CA-HN	117.555	8.079	140568
	F57N-CA-HN	120.076	8.758	142541
	F73N-CA-HN	120.891	8.724	143129
	L35N-CA-HN	121.392	7.826	145786
	I53N-CA-HN	119.285	7.527	145950
	K45N-CA-HN	126.4	8.302	145994
	Q64N-CA-HN	114.579	7.713	146398
	E31N-CA-HN	122.542	7.614	148700
	H87N-CA-HN	117.147	7.938	150243
	K50N-CA-HN	126.92	8.576	155848
	V52N-CA-HN	120.046	7.43	165942
	D61N-CA-HN	117.222	7.568	168443
	N42N-CA-HN	113.856	9.158	171006
	I44N-CA-HN	121.032	7.397	172646
	D65N-CA-HN	118.789	8.502	176048
	?-?-?	118.797	8.502	176770
	L36N-CA-HN	118.405	9.093	178218
	L76N-CA-HN	122.273	7.255	180918
	H85N-CA-HN	117.32	8.097	183107
	H6N-CA-HN	119.791	7.853	194359
	N46N-CA-HN	115.696	8.688	201894
	G9N-CA-HN	106.897	7.95	213962
	L60N-CA-HN	118.222	7.766	217863
	A78N-CA-HN	120.612	8.058	223184
	Y86N-CA-HN	119.443	7.923	224453
	Q34N-CA-HN	119.569	7.67	226797
	D54N-CA-HN	119.134	8.155	240525
	A80N-CA-HN	123.302	8.529	245606
	N63N-CA-HN	111.801	7.815	258212
	K48N-CA-HN	115.416	7.645	277211
	I47N-CA-HN	113.243	7.067	287815
	E55N-CA-HN	120.559	7.817	289348
	A84N-CA-HN	121.039	8.379	294792
	Q71N-CA-HN	115.608	7.806	314664
	A83N-CA-HN	121.329	7.658	324908
	G59N-CA-HN	104.905	7.889	335856
	K90N-CA-HN	123.217	8.076	337078
	A62N-CA-HN	130.85	8.113	349361
	Q58N-CA-HN	115.55	8.272	369031
	D49N-CA-HN	121.858	7.822	506183
	Q67N-CA-HN	114.954	7.983	531155
	A51N-CA-HN	119.78	8.506	710603
	E91N-CA-HN	127.057	7.893	3457471