      Assignment         w1         w2         w3   Data Height 

            ?-?-?    113.895     55.087      9.154       260235 
            ?-?-?    119.732     59.700      7.822        53108 
            ?-?-?    115.920     40.792     10.168        99661 
            ?-?-?    118.789     57.014      8.532          305 
            ?-?-?    122.274     60.326      7.231        33989 
            ?-?-?    123.244     29.611      8.080       245573 
    H6N-E5CA-H6HN    119.806     59.723      7.849       217185 
    H6N-E5CB-H6HN    119.852     29.595      7.851        73479 
    L7N-H6CA-L7HN    117.897     59.559      8.190        98536 
    L7N-H6CB-L7HN    117.939     30.015      8.193        29532 
    E8N-L7CA-E8HN    118.555     58.297      8.388       104869 
    E8N-L7CB-E8HN    118.588     40.646      8.372        25221 
    G9N-E8CA-G9HN    106.875     59.472      7.941       144666 
    G9N-E8CB-G9HN    106.905     29.301      7.947        92333 
  I10N-G9CA-I10HN    121.751     46.901      7.616       221350 
 V11N-I10CA-V11HN    120.114     66.519      7.791       108467 
 V11N-I10CB-V11HN    119.825     37.816      7.784        29896 
 N12N-V11CA-N12HN    118.158     67.413      8.830       100608 
 N12N-V11CB-N12HN    118.214     31.381      8.798        17060 
 I13N-N12CA-I13HN    122.420     56.215      8.376       110381 
 I13N-N12CB-I13HN    122.535     38.040      8.374        87973 
 F14N-I13CA-F14HN    120.292     65.189      8.241        84441 
 F14N-I13CB-F14HN    120.238     37.566      8.218       -14597 
 Q16N-H15CA-Q16HN    119.827     57.836      8.272       148811 
 Q16N-H15CB-Q16HN    119.792     29.078      8.276        85003 
 Y17N-Q16CA-Y17HN    114.298     58.528      7.299       128713 
 K29N-S28CA-K29HN    122.442     57.214      9.176        75801 
 G30N-K29CA-G30HN    105.681     61.384      8.369       106015 
 E31N-G30CA-E31HN    122.578     47.178      7.611       199159 
 L32N-E31CA-L32HN    119.249     59.296      8.854       148138 
 L32N-E31CB-L32HN    119.257     31.060      8.846        50822 
 K33N-L32CA-K33HN    119.672     57.741      8.723       130550 
 K33N-L32CB-K33HN    119.695     40.635      8.719        38751 
 Q34N-K33CA-Q34HN    119.537     60.884      7.669       151269 
 Q34N-K33CB-Q34HN    119.494     32.107      7.671        46425 
 L35N-Q34CA-L35HN    121.394     59.435      7.822       170715 
 L35N-Q34CB-L35HN    121.449     28.239      7.818        58147 
 L36N-L35CA-L36HN    118.401     59.707      9.095       193573 
 L36N-L35CB-L36HN    118.412     42.131      9.090        90201 
 T37N-L36CA-T37HN    107.928     58.871      7.845       164655 
 T37N-L36CB-T37HN    107.892     42.363      7.835        48118 
 K38N-T37CA-K38HN    117.545     65.586      8.065        92478 
 K38N-T37CA-K38HN    117.613     65.622      8.076        93607 
 K38N-T37CB-K38HN    117.503     69.186      8.061        23569 
 E39N-K38CA-E39HN    111.877     57.501      8.416       112154 
 E39N-K38CB-E39HN    111.826     33.363      8.421        88860 
 L40N-E39CA-L40HN    119.510     56.441      7.616        57509 
 L40N-E39CB-L40HN    119.510     30.830      7.588         4638 
 A41N-L40CA-A41HN    120.055     53.872      6.796        18414 
 A41N-L40CB-A41HN    120.055     42.637      6.796        -3767 
 N42N-A41CA-N42HN    113.895     55.087      9.154       260235 
 N42N-A41CB-N42HN    113.864     19.555      9.158       175208 
 T43N-N42CA-T43HN    116.021     53.262      7.745       244605 
 T43N-N42CB-T43HN    116.049     39.154      7.739       170917 
 I44N-T43CA-I44HN    121.044     65.470      7.392       117490 
 I44N-T43CB-I44HN    121.029     70.573      7.383        24149 
 K45N-I44CA-K45HN    126.366     59.323      8.304       127547 
 K45N-I44CB-K45HN    126.407     37.597      8.304        59160 
 N46N-K45CA-N46HN    115.669     57.500      8.680       180027 
 N46N-K45CB-N46HN    115.693     32.954      8.689       118398 
 I47N-N46CA-I47HN    113.260     54.302      7.064       330795 
 I47N-N46CB-I47HN    113.272     37.031      7.063       513175 
 K48N-I47CA-K48HN    115.417     61.275      7.637       192563 
 K48N-I47CB-K48HN    115.417     38.253      7.635        55081 
 D49N-K48CA-D49HN    121.850     56.815      7.818       254774 
 D49N-K48CB-D49HN    121.870     31.934      7.811       139127 
 K50N-D49CA-K50HN    126.947     54.036      8.573       225095 
 K50N-D49CB-K50HN    126.928     41.711      8.576       176605 
 A51N-K50CA-A51HN    119.806     59.592      8.501       279718 
 A51N-K50CB-A51HN    119.767     32.457      8.503       167178 
 V52N-A51CA-V52HN    120.024     54.775      7.424       327499 
 V52N-A51CB-V52HN    120.046     18.573      7.426       223731 
 I53N-V52CA-I53HN    119.306     65.837      7.528       256990 
 I53N-V52CB-I53HN    119.323     31.776      7.526        74254 
 D54N-I53CA-D54HN    119.136     64.172      8.146       252399 
 D54N-I53CB-D54HN    119.162     36.682      8.147        58232 
 E55N-D54CA-E55HN    120.580     58.037      7.814       222384 
 E55N-D54CB-E55HN    120.584     40.130      7.814       140083 
 I56N-E55CA-I56HN    121.412     59.612      8.502       221060 
 I56N-E55CB-I56HN    121.447     29.666      8.484       128946 
 F57N-I56CA-F57HN    120.087     65.154      8.761       149934 
 F57N-I56CB-F57HN    120.024     37.785      8.757        48208 
 Q58N-F57CA-Q58HN    115.534     63.222      8.271       369483 
 Q58N-F57CB-Q58HN    115.535     39.563      8.271       123155 
 G59N-Q58CA-G59HN    104.907     58.564      7.883       194895 
 G59N-Q58CB-G59HN    104.938     28.598      7.883        95986 
 L60N-G59CA-L60HN    118.254     46.256      7.758       376127 
 D61N-L60CA-D61HN    117.182     55.413      7.561       254780 
 D61N-L60CB-D61HN    117.223     44.112      7.552       114135 
 A62N-D61CA-A62HN    130.824     53.078      8.110       201518 
 A62N-D61CB-A62HN    130.844     38.291      8.114       213941 
 N63N-A62CA-N63HN    111.816     54.585      7.808       434346 
 N63N-A62CB-N63HN    111.846     19.141      7.807       266930 
 Q64N-N63CA-Q64HN    114.543     51.563      7.716       202968 
 Q64N-N63CB-Q64HN    114.606     36.844      7.714       145870 
 D65N-Q64CA-D65HN    118.789     57.453      8.492       216320 
 D65N-Q64CB-D65HN    118.818     26.435      8.495       158273 
 E66N-D65CA-E66HN    116.019     52.884     10.174       150697 
 E66N-D65CB-E66HN    115.920     40.792     10.168        99661 
 Q67N-E66CA-Q67HN    114.940     58.145      7.976       213148 
 Q67N-E66CB-Q67HN    115.004     27.070      7.981       180119 
 V68N-Q67CA-V68HN    126.869     53.767     10.163       126383 
 V68N-Q67CB-V68HN    126.872     32.178     10.162        28303 
 D69N-V68CA-D69HN    129.055     61.232      8.921        57191 
 D69N-V68CB-D69HN    129.044     33.276      8.923        27027 
 F70N-D69CA-F70HN    118.411     52.547      9.166        47745 
 F70N-D69CB-F70HN    118.471     41.443      9.165        42697 
 Q71N-F70CA-Q71HN    115.640     63.038      7.806       267683 
 Q71N-F70CB-Q71HN    115.632     38.663      7.804        83944 
 E72N-Q71CA-E72HN    121.426     59.372      8.614       206457 
 E72N-Q71CB-E72HN    121.384     27.646      8.613       122585 
 F73N-E72CA-F73HN    120.897     58.774      8.724       211641 
 F73N-E72CB-F73HN    120.937     30.036      8.729        60774 
 I74N-F73CA-I74HN    120.938     60.461      7.574       236583 
 I74N-F73CB-I74HN    120.886     39.306      7.575        71847 
 S75N-I74CA-S75HN    113.666     65.927      7.312       259277 
 S75N-I74CB-S75HN    113.668     36.470      7.313        84572 
 L76N-S75CB-L76HN    122.325     62.511      7.241       107246 
 V77N-L76CA-V77HN    119.542     56.627      7.138       196742 
 V77N-L76CB-V77HN    119.447     40.279      7.149        69586 
 A78N-V77CA-A78HN    120.622     67.122      8.063       182676 
 A78N-V77CB-A78HN    120.624     29.611      8.080        -5451 
 I79N-A78CA-I79HN    118.147     56.157      7.428       236619 
 I79N-A78CB-I79HN    118.111     18.315      7.423       153214 
 A80N-I79CA-A80HN    123.264     65.418      8.518       266034 
 A80N-I79CB-A80HN    123.311     38.743      8.526        63168 
 L81N-A80CA-L81HN    119.374     54.836      8.980       193469 
 L81N-A80CB-L81HN    119.356     19.147      8.980       125375 
 K82N-L81CA-K82HN    118.768     57.801      7.861       130521 
 K82N-L81CB-K82HN    118.706     42.664      7.863        45840 
 A83N-K82CA-A83HN    121.321     60.457      7.660       130635 
 A83N-K82CB-A83HN    121.298     32.176      7.662        77696 
 A84N-A83CA-A84HN    121.051     54.779      8.370       284470 
 A84N-A83CB-A84HN    121.047     18.316      8.370       149866 
 H85N-A84CA-H85HN    117.278     54.469      8.094       291242 
 H85N-A84CB-H85HN    117.278     18.228      8.093       164097 
 Y86N-H85CA-Y86HN    119.437     58.586      7.915       275115 
 Y86N-H85CB-Y86HN    119.446     30.390      7.918       118407 
 H87N-Y86CA-H87HN    117.110     59.681      7.939       203297 
 H87N-Y86CB-H87HN    117.127     38.310      7.940       103770 
 T88N-H87CA-T88HN    112.138     56.746      7.705       255341 
 T88N-H87CB-T88HN    112.145     29.578      7.698       154559 
 H89N-T88CA-H89HN    121.114     62.552      8.133       132824 
 H89N-T88CB-H89HN    121.114     69.854      8.123        30093 
 K90N-H89CA-K90HN    123.240     56.025      8.083       395564 
 K90N-H89CB-K90HN    123.237     29.730      8.051        83588 
 E91N-K90CA-E91HN    127.059     56.253      7.893      2568142 
 E91N-K90CB-E91HN    127.066     33.060      7.893      1355184 
